[gd_scene load_steps=28 format=2]

[ext_resource path="res://road_users/cyclist/ciclista.dae" type="PackedScene" id=1]
[ext_resource path="res://road_users/cyclist/ciclista/personaje.material" type="Material" id=2]
[ext_resource path="res://road_users/cyclist/ciclista/casco.material" type="Material" id=3]
[ext_resource path="res://road_users/cyclist/ciclista/marco_001.material" type="Material" id=4]
[ext_resource path="res://road_users/cyclist/ciclista/llantaAtras_001.material" type="Material" id=5]
[ext_resource path="res://road_users/cyclist/ciclista/plato_001.material" type="Material" id=6]
[ext_resource path="res://road_users/cyclist/ciclista/pedalL_001.material" type="Material" id=7]
[ext_resource path="res://road_users/cyclist/ciclista/bielaR_001.material" type="Material" id=8]
[ext_resource path="res://road_users/cyclist/ciclista/pedalR_001.material" type="Material" id=9]
[ext_resource path="res://road_users/cyclist/ciclista/sillin_001.material" type="Material" id=10]
[ext_resource path="res://road_users/cyclist/ciclista/tenedor_001.material" type="Material" id=11]
[ext_resource path="res://road_users/cyclist/ciclista/llantaAdelante_001.material" type="Material" id=12]
[ext_resource path="res://road_users/cyclist/ciclista/timon.material" type="Material" id=13]
[ext_resource path="res://road_users/cyclist/ciclista/crash.anim" type="Animation" id=14]
[ext_resource path="res://road_users/cyclist/ciclista/left_hand.anim" type="Animation" id=15]
[ext_resource path="res://road_users/cyclist/ciclista/look_sides.anim" type="Animation" id=16]
[ext_resource path="res://road_users/cyclist/ciclista/montar.anim" type="Animation" id=17]
[ext_resource path="res://road_users/cyclist/ciclista/ride1.anim" type="Animation" id=18]
[ext_resource path="res://road_users/cyclist/ciclista/right_hand.anim" type="Animation" id=19]
[ext_resource path="res://road_users/cyclist/ciclista/stagger.anim" type="Animation" id=20]
[ext_resource path="res://road_users/cyclist/ciclista/turn_left.anim" type="Animation" id=21]
[ext_resource path="res://road_users/cyclist/ciclista/turn_right.anim" type="Animation" id=22]

[sub_resource type="AnimationNodeAnimation" id=1]
animation = "montar"

[sub_resource type="AnimationNodeAnimation" id=2]
animation = "ride1"

[sub_resource type="AnimationNodeStateMachineTransition" id=3]
switch_mode = 1

[sub_resource type="AnimationNodeStateMachine" id=4]
states/montar/node = SubResource( 1 )
states/montar/position = Vector2( 48, 48 )
states/ride1/node = SubResource( 2 )
states/ride1/position = Vector2( 265, 48 )
transitions = [ "montar", "ride1", SubResource( 3 ) ]
graph_offset = Vector2( -122, -31 )

[sub_resource type="AnimationNodeStateMachinePlayback" id=5]

[node name="ciclista" instance=ExtResource( 1 )]

[node name="personObj" parent="ArmaturePerson/Skeleton" index="0"]
material_override = ExtResource( 2 )
material/0 = ExtResource( 2 )

[node name="casco" parent="." index="1"]
transform = Transform( 0.0196987, -0.129284, -0.117995, 0.0125095, 0.119477, -0.128818, 0.174587, 0.00602641, 0.0225435, -0.221921, 1.32491, 0.196521 )
material/0 = ExtResource( 3 )

[node name="marco" parent="." index="2"]
transform = Transform( -0.00741398, 9.31323e-09, -0.999972, 0.0426639, 0.999089, -0.000316309, 0.999062, -0.0426651, -0.00740719, -0.078842, 0, 0.219643 )
material_override = ExtResource( 4 )
material/0 = ExtResource( 4 )

[node name="cadena" parent="marco" index="0"]
transform = Transform( 2.80738e-05, 1, 0.00015883, -0.999993, 2.74777e-05, 0.00375057, 0.00375056, -0.000158935, 0.999993, -0.0531876, 0.216263, -0.119739 )

[node name="llantaAtras" parent="marco" index="1"]
transform = Transform( 1, 3.56702e-09, 1.36009e-09, -3.81203e-09, 0.91394, 0.40585, 2.04636e-10, -0.40585, 0.91394, 3.0268e-09, 0.275001, -0.452159 )
material_override = ExtResource( 5 )
material/0 = ExtResource( 5 )

[node name="plato" parent="marco" index="2"]
transform = Transform( 0.999934, 0.0105275, -0.00450236, -0.0103854, 0.668341, -0.743782, -0.00482103, 0.74378, 0.668407, -0.000827466, 0.213, -0.111608 )
material_override = ExtResource( 6 )

[node name="pedalL" parent="marco/plato/bielaL" index="0"]
transform = Transform( 0.171411, 0.0974878, 0.00563281, -0.0974911, 0.171496, -0.00137306, -0.00557528, -0.00159063, 0.19719, 3.58408, 0.160959, 1.38326 )
material_override = ExtResource( 7 )

[node name="bielaR" parent="marco/plato" index="1"]
material_override = ExtResource( 8 )

[node name="pedalR" parent="marco/plato/bielaR" index="0"]
transform = Transform( -0.116077, -0.159452, -0.00429454, 0.159318, -0.115635, -0.0127886, 0.00781938, -0.0109931, 0.196813, 3.48841, 0.101277, 1.33416 )
material_override = ExtResource( 9 )

[node name="sillin" parent="marco" index="3"]
material_override = ExtResource( 10 )

[node name="tenedor" parent="marco" index="4"]
transform = Transform( 0.999193, 0.0341741, 0.0211196, -0.0349166, 0.998747, 0.0358488, -0.0198681, -0.0365573, 0.999134, -0.0272319, -0.00720611, 0.0200784 )
material_override = ExtResource( 11 )

[node name="llantaFront" parent="marco/tenedor" index="0"]
transform = Transform( -0.00521779, -0.00526684, 0.999972, -0.710413, 0.703785, -2.98023e-08, -0.703766, -0.710393, -0.00741386, 0.00274312, 0.274, 0.36999 )
material_override = ExtResource( 12 )
material/0 = ExtResource( 12 )

[node name="timon" parent="marco/tenedor" index="1"]
material_override = ExtResource( 13 )

[node name="AnimationPlayer" parent="." index="3"]
autoplay = "montar"
anims/crash = ExtResource( 14 )
anims/left_hand = ExtResource( 15 )
anims/look_sides = ExtResource( 16 )
anims/montar = ExtResource( 17 )
anims/ride = ExtResource( 18 )
anims/right_hand = ExtResource( 19 )
anims/stagger = ExtResource( 20 )
anims/turn_left = ExtResource( 21 )
anims/turn_right = ExtResource( 22 )
blend_times = [ "montar", "crash", 1.0, "montar", "left_hand", 1.0, "montar", "look_sides", 1.0, "montar", "montar", 1.0, "montar", "ride", 1.0, "montar", "right_hand", 1.0, "montar", "stagger", 1.0, "montar", "turn_left", 1.0, "montar", "turn_right", 1.0 ]

[node name="AnimationTree" type="AnimationTree" parent="." index="4"]
tree_root = SubResource( 4 )
anim_player = NodePath("../AnimationPlayer")
active = true
parameters/playback = SubResource( 5 )
