[gd_scene load_steps=12 format=2]

[ext_resource path="res://road_users/cyclist/monster.dae" type="PackedScene" id=1]
[ext_resource path="res://road_users/cyclist/monster/hand_left.anim" type="Animation" id=2]
[ext_resource path="res://road_users/cyclist/monster/ride.anim" type="Animation" id=3]
[ext_resource path="res://road_users/cyclist/monster/ride_up.anim" type="Animation" id=4]
[ext_resource path="res://road_users/cyclist/monster/hand_right.anim" type="Animation" id=5]
[ext_resource path="res://road_users/cyclist/monster/start_up_left.anim" type="Animation" id=6]
[ext_resource path="res://road_users/cyclist/monster/start_up_right.anim" type="Animation" id=7]
[ext_resource path="res://road_users/cyclist/monster/stop_left.anim" type="Animation" id=8]
[ext_resource path="res://road_users/cyclist/monster/stop_right.anim" type="Animation" id=9]
[ext_resource path="res://road_users/cyclist/monster/turn_left.anim" type="Animation" id=10]
[ext_resource path="res://road_users/cyclist/monster/turn_right.anim" type="Animation" id=11]

[node name="monster" instance=ExtResource( 1 )]

[node name="monster" parent="Armature/Skeleton" index="0"]
transform = Transform( -4.37114e-08, 0, 1, 0, 1, 0, -1, 0, -4.37114e-08, 0.250634, 0, -0.156625 )

[node name="marco" parent="." index="1"]
transform = Transform( -0.00741398, 9.31323e-09, -0.999972, 0.0426639, 0.999089, -0.000316309, 0.999062, -0.0426651, -0.00740719, -0.078842, 0, 0.219643 )

[node name="cadena" parent="marco" index="0"]
transform = Transform( 2.80738e-05, 1, 0.00015883, -0.999993, 2.74777e-05, 0.00375057, 0.00375056, -0.000158935, 0.999993, -0.0531296, 0.217045, -0.116434 )

[node name="llantaAtras" parent="marco" index="1"]
transform = Transform( 1, 4.3882e-10, -3.79222e-09, -3.81203e-09, 0.168033, -0.985781, 2.04636e-10, 0.985781, 0.168033, 3.0268e-09, 0.275001, -0.452159 )

[node name="plato" parent="marco" index="2"]
transform = Transform( 0.998986, 0.00257626, 0.0449372, -0.0262678, -0.777351, 0.628518, 0.0365512, -0.629061, -0.776496, -0.000787075, 0.21387, -0.111172 )

[node name="pedalL" parent="marco/plato/bielaL" index="0"]
transform = Transform( -0.146766, 0.106047, 0.078302, 0.0989616, 0.166048, -0.0393957, -0.087085, 0.00997065, -0.176732, 3.6573, 0.110704, 1.46016 )

[node name="pedalR" parent="marco/plato/bielaR" index="0"]
transform = Transform( -0.0121257, 0.183218, -0.0721209, -0.167257, -0.0477131, -0.093091, -0.103901, 0.0554248, 0.158272, 3.38733, 0.086017, 1.25911 )

[node name="tenedor" parent="marco" index="4"]
transform = Transform( 0.999249, 0.0342243, 0.01815, -0.0348771, 0.998708, 0.0369556, -0.0168618, -0.0375608, 0.999152, -0.0254385, -0.00717586, 0.0186171 )

[node name="llantaFront" parent="marco/tenedor" index="0"]
transform = Transform( -0.00372148, -0.00641215, 0.999972, -0.86489, 0.501961, 0, -0.501947, -0.864867, -0.00741386, 0.00274311, 0.274, 0.36999 )

[node name="AnimationPlayer" parent="." index="2"]
anims/left_hand = ExtResource( 2 )
anims/ride = ExtResource( 3 )
anims/ride_up = ExtResource( 4 )
anims/right_hand = ExtResource( 5 )
anims/start_up_left = ExtResource( 6 )
anims/start_up_right = ExtResource( 7 )
anims/stop_left = ExtResource( 8 )
anims/stop_right = ExtResource( 9 )
anims/turn_left = ExtResource( 10 )
anims/turn_right = ExtResource( 11 )
next/left_hand = "ride"
next/right_hand = "ride"
blend_times = [ "ride", "ride", 0.5 ]
